  XH PROBR
     0.000  1212.827
    24.625   928.563
    49.250   682.204
    73.875   473.750
    98.500   303.198
   123.125   170.548
   147.750    75.799
   172.375    18.950
   197.000     0.000
   221.625     0.000
   246.250     0.000
   270.875     0.000
   295.500     0.000
   320.125     0.000
   344.750     0.000
   369.375     0.000
   394.000     0.000
   418.625     0.000
   443.250     0.000
   467.875     0.000
   492.500     0.000
   517.125     0.000
   541.750     0.000
   566.375     0.000
   591.000     0.000
   615.625     0.000
   640.250     0.000
   664.875     0.000
   689.500     0.000
   714.125     0.000
   738.750     0.000
   763.375     0.000
   788.000     0.000
   812.625     0.000
   837.250     0.000
   861.875     0.000
   886.500     0.000
   911.125     0.000
   935.750     0.000
   960.375     0.000
   985.000     0.000
  1009.625     0.000
  1034.250     0.000
  1058.875     0.000
  1083.500     0.000
  1108.125     0.000
  1132.750     0.000
  1157.375     0.000
  1182.000     0.000
  1206.625     0.000
  1231.250     0.000
  1255.875     0.000
  1280.500     0.000
  1305.125     0.000
  1329.750     0.000
  1354.375     0.000
  1379.000     0.000
  1403.625     0.000
  1428.250     0.000
  1452.875     0.000
  1477.500     0.000
  1502.125     0.000
  1526.750     0.000
  1551.375     0.000
  1576.000     0.000
  1600.625     0.000
  1625.250     0.000
  1649.875     0.000
  1674.500     0.000
  1699.125     0.000
  1723.750     0.000
  1748.375     0.000
  1773.000     0.000
  1797.625    18.950
  1822.250    75.799
  1846.875   170.548
  1871.500   303.198
  1896.125   473.750
  1920.750   682.204
  1945.375   928.563
  1970.000  1212.827
