  XH PROIR
     0.000   587.617
    24.625   554.322
    49.250   522.349
    73.875   491.673
    98.500   462.272
   123.125   434.120
   147.750   407.194
   172.375   381.471
   197.000   356.926
   221.625   333.535
   246.250   311.274
   270.875   290.120
   295.500   270.049
   320.125   251.036
   344.750   233.057
   369.375   216.090
   394.000   200.109
   418.625   185.091
   443.250   171.012
   467.875   157.848
   492.500   145.575
   517.125   134.170
   541.750   123.607
   566.375   113.864
   591.000   104.917
   615.625    96.740
   640.250    89.312
   664.875    82.607
   689.500    76.602
   714.125    71.272
   738.750    66.594
   763.375    62.544
   788.000    59.099
   812.625    56.233
   837.250    53.923
   861.875    52.146
   886.500    50.877
   911.125    50.092
   935.750    49.768
   960.375    49.880
   985.000    50.405
  1009.625    51.318
  1034.250    52.596
  1058.875    54.215
  1083.500    56.151
  1108.125    58.380
  1132.750    60.877
  1157.375    63.620
  1182.000    66.584
  1206.625    69.746
  1231.250    73.080
  1255.875    76.564
  1280.500    80.174
  1305.125    83.885
  1329.750    87.673
  1354.375    91.516
  1379.000    95.388
  1403.625    99.266
  1428.250   103.125
  1452.875   106.943
  1477.500   110.695
  1502.125   114.357
  1526.750   117.905
  1551.375   121.316
  1576.000   124.564
  1600.625   127.628
  1625.250   130.481
  1649.875   133.102
  1674.500   135.464
  1699.125   137.546
  1723.750   139.323
  1748.375   140.770
  1773.000   141.864
  1797.625   142.581
  1822.250   142.898
  1846.875   142.789
  1871.500   142.232
  1896.125   141.202
  1920.750   139.675
  1945.375   137.628
  1970.000   135.037
  1994.625   131.877
  2019.250   128.125
  2043.875   123.756
  2068.500   118.747
  2093.125   113.075
  2117.750   106.714
  2142.375    99.641
  2167.000    91.832
  2191.625    83.264
  2216.250    73.912
  2240.875    63.752
  2265.500    52.760
  2290.125    40.913
  2314.750    28.187
  2339.375    14.557
  2364.000     0.000
